0.1032261848449707
0.10205864906311035
0.0998990535736084
0.10258603096008301
0.0891580581665039
0.1043701171875
0.08916902542114258
0.09093427658081055
0.11389684677124023
0.09393811225891113
0.09684562683105469
0.10807681083679199
0.09461808204650879
0.09889554977416992
0.08987188339233398
0.10160160064697266
0.10624957084655762
0.09614706039428711
0.0964503288269043
0.09553861618041992
0.09009361267089844
0.10079813003540039
0.08957147598266602
0.11330389976501465
0.08874201774597168
0.09329652786254883
0.09763789176940918
0.10537385940551758
0.11225271224975586
0.11194634437561035
0.10425639152526855
0.10168337821960449
0.0875244140625
0.09716320037841797
0.10553765296936035
0.10148000717163086
0.09789729118347168
0.11423134803771973
0.10453605651855469
0.10057210922241211
0.10162949562072754
0.0935359001159668
0.08770179748535156
0.09398794174194336
0.09297060966491699
0.09784555435180664
0.11199188232421875
0.08494043350219727
0.09448766708374023
0.09882426261901855
0.09709572792053223
0.10094332695007324
0.10796928405761719
0.10107421875
0.10503101348876953
0.09990143775939941
0.10225796699523926
0.10141754150390625
0.10029292106628418
0.10329627990722656
0.10950565338134766
0.10307741165161133
0.1057581901550293
0.09328079223632812
0.07937169075012207
0.09517049789428711
0.10525059700012207
0.10736393928527832
0.10067868232727051
0.10026860237121582
0.1026613712310791
0.10349535942077637
0.09288859367370605
0.11402082443237305
0.11501049995422363
0.0931844711303711
0.10028624534606934
0.1046454906463623
0.10096979141235352
0.10041117668151855
0.1048586368560791
0.10119843482971191
0.09444808959960938
0.10748291015625
0.09741592407226562
0.09796762466430664
0.10975432395935059
0.1059110164642334
0.09816551208496094
0.10508465766906738
0.11152815818786621
0.09478402137756348
0.10610270500183105
0.11214137077331543
0.10593533515930176
0.10670948028564453
0.09823107719421387
0.11268067359924316
0.08646988868713379
0.09892535209655762
0.11970019340515137
0.10498785972595215
0.10956692695617676
0.09991645812988281
0.10045480728149414
0.10173916816711426
0.09465312957763672
0.09928226470947266
0.08501935005187988
0.09970569610595703
0.09699583053588867
0.09968376159667969
0.09789776802062988
0.09492993354797363
0.0929710865020752
0.11431670188903809
0.09380030632019043
0.10176372528076172
0.09366488456726074
0.09727048873901367
0.0886380672454834
0.09574365615844727
0.08692049980163574
0.09874081611633301
0.10416388511657715
0.08982133865356445
0.0958406925201416
0.09476566314697266
0.09141063690185547
0.08587384223937988
0.10964798927307129
0.09627389907836914
0.09400177001953125
0.09840679168701172
0.09811663627624512
0.09558820724487305
0.11349129676818848
0.08776378631591797
0.0975487232208252
0.10103368759155273
0.09560084342956543
0.10848569869995117
0.0952601432800293
0.0935964584350586
0.10069394111633301
0.09148502349853516
0.09628105163574219
0.10096311569213867
0.10709571838378906
0.11111164093017578
0.09827399253845215
0.09058046340942383
0.09607577323913574
0.09254288673400879
0.10249137878417969
0.0975944995880127
0.09175848960876465
0.0927126407623291
0.10185050964355469
0.11327314376831055
0.09686112403869629
0.08240461349487305
0.10306477546691895
0.11070990562438965
0.10008859634399414
0.09865760803222656
0.11342310905456543
0.08722639083862305
0.11027383804321289
0.0924224853515625
0.10099625587463379
0.09259867668151855
0.10906314849853516
0.09188103675842285
0.09544229507446289
0.09420609474182129
0.11226916313171387
0.11233806610107422
0.10459184646606445
0.0939478874206543
0.09213113784790039
0.10439562797546387
0.10726308822631836
0.1099240779876709
0.09937667846679688
0.10216474533081055
0.10484910011291504
0.0853109359741211
0.10509705543518066
0.11223626136779785
0.10600996017456055
0.10402703285217285
0.10234451293945312
0.09865880012512207
0.09563779830932617
0.09793734550476074
0.09842610359191895
0.10070395469665527
0.10569572448730469
0.09091329574584961
0.10426139831542969
0.1081705093383789
0.08900928497314453
0.09347081184387207
0.095245361328125
0.10594058036804199
0.09699583053588867
0.08990716934204102
0.10122299194335938
0.1033775806427002
0.09923982620239258
0.09092378616333008
0.10665392875671387
0.09113740921020508
0.09137749671936035
0.11585021018981934
0.09989714622497559
0.10072660446166992
0.09725666046142578
0.10017919540405273
0.1091310977935791
0.09777116775512695
0.10695338249206543
0.08582687377929688
0.10503578186035156
0.09450578689575195
0.10676360130310059
0.09427595138549805
0.10214900970458984
0.10795831680297852
0.11142897605895996
0.09729146957397461
0.10346055030822754
0.08814740180969238
0.0979917049407959
0.09684944152832031
0.10541486740112305
0.08711671829223633
0.08917951583862305
0.10590839385986328
0.10068845748901367
0.10437798500061035
0.09049820899963379
0.08992600440979004
0.09479498863220215
0.09674310684204102
0.09122991561889648
0.09931159019470215
0.09800982475280762
0.11086750030517578
0.10907936096191406
0.08538818359375
0.10546517372131348
0.1079404354095459
0.12221837043762207
0.10872054100036621
0.08511662483215332
0.1194005012512207
0.10580587387084961
0.10214018821716309
0.09792518615722656
0.09827375411987305
0.10538578033447266
0.09697437286376953
0.0957181453704834
0.10809826850891113
0.09501767158508301
0.09999847412109375
0.09568977355957031
0.10272479057312012
0.1053628921508789
0.11496376991271973
0.09573721885681152
0.10137724876403809
0.09964680671691895
0.09282112121582031
0.1074068546295166
0.10135626792907715
0.09675312042236328
0.09427714347839355
0.08629941940307617
0.09579873085021973
0.11147022247314453
0.09069085121154785
0.11584091186523438
0.11142516136169434
0.10767436027526855
0.10827422142028809
0.11193323135375977
0.09808826446533203
0.1055152416229248
0.10661649703979492
0.1012415885925293
0.1031486988067627
0.10800933837890625
0.10088300704956055
0.10697150230407715
0.09075164794921875
0.10096955299377441
0.10175681114196777
0.10787343978881836
0.08633828163146973
0.10856890678405762
0.10056829452514648
0.10149335861206055
0.09567928314208984
0.10646414756774902
0.10084724426269531
0.0937347412109375
0.0832359790802002
0.09380960464477539
0.10201501846313477
0.1061398983001709
0.09986686706542969
0.09260153770446777
0.0984647274017334
0.09737277030944824
0.09792661666870117
0.11254668235778809
0.09662342071533203
0.09807872772216797
0.1120767593383789
0.10236191749572754
0.08727669715881348
0.09835100173950195
0.09538865089416504
0.09318709373474121
0.10101318359375
0.09591269493103027
0.08835363388061523
0.09875059127807617
0.09626030921936035
0.09551763534545898
0.11296486854553223
0.09729743003845215
0.09724807739257812
0.10311555862426758
0.10014176368713379
0.09891867637634277
0.09129738807678223
0.09037661552429199
0.0945425033569336
0.10426974296569824
0.10276174545288086
0.10849213600158691
0.10001039505004883
0.09663534164428711
0.11156415939331055
0.10941338539123535
0.09169340133666992
0.09414219856262207
0.09743785858154297
0.09526562690734863
0.10567188262939453
0.11387324333190918
0.11107754707336426
0.09515213966369629
0.10595989227294922
0.09827041625976562
0.09362030029296875
0.0941307544708252
0.0967874526977539
0.11345982551574707
0.11285161972045898
0.09291696548461914
0.10917329788208008
0.10635900497436523
0.1056206226348877
0.10285639762878418
0.1027073860168457
0.0932316780090332
0.089324951171875
0.09142923355102539
0.10002756118774414
0.08872461318969727
0.10437393188476562
0.09777259826660156
0.11077022552490234
0.09478974342346191
0.09662532806396484
0.08318471908569336
0.09887814521789551
0.10013246536254883
0.10596561431884766
0.10210657119750977
0.10405302047729492
0.10433316230773926
0.09698104858398438
0.09346866607666016
0.09898877143859863
0.09991097450256348
0.10153961181640625
0.09715795516967773
0.11353874206542969
0.10301852226257324
0.12137603759765625
0.0925595760345459
0.10417580604553223
0.09773635864257812
0.11205768585205078
0.10212087631225586
0.10437631607055664
0.08537435531616211
0.10362124443054199
0.10669851303100586
0.11193537712097168
0.1013648509979248
0.11059856414794922
0.10172605514526367
0.09248018264770508
0.08890795707702637
0.1024174690246582
0.10413599014282227
0.09909939765930176
0.10440564155578613
0.0922708511352539
0.10666847229003906
0.09532999992370605
0.0949544906616211
0.09631061553955078
0.10191226005554199
0.09937143325805664
0.09651756286621094
0.09364628791809082
0.09362483024597168
0.10498046875
0.10536885261535645
0.10570168495178223
0.10361385345458984
0.10595583915710449
0.10595917701721191
0.10792207717895508
0.10156631469726562
0.0980079174041748
0.11606597900390625
0.09162187576293945
0.09503960609436035
0.09334588050842285
0.10770058631896973
0.099700927734375
0.10153079032897949
0.11039853096008301
0.10487103462219238
0.10425615310668945
0.09926962852478027
0.11322784423828125
0.10466790199279785
0.08758997917175293
0.0940544605255127
0.09669709205627441
0.10614538192749023
0.109771728515625
0.09325385093688965
0.10629057884216309
0.10867977142333984
0.10505175590515137
0.09636950492858887
0.10693001747131348
0.11638975143432617
0.10275840759277344
0.09792280197143555
0.10361695289611816
0.09505486488342285
0.09789252281188965
0.09225273132324219
0.10423421859741211
0.11089897155761719
0.0961906909942627
0.09495258331298828
0.0900881290435791
0.09614753723144531
0.08329916000366211
0.10501694679260254
0.0885467529296875
0.09136676788330078
0.11352086067199707
0.1058349609375
0.1030888557434082
0.11137032508850098
0.09553384780883789
0.10129404067993164
0.10393118858337402
0.10020828247070312
0.09502482414245605
0.09445047378540039
0.09150052070617676
0.09988522529602051
0.09832644462585449
0.10868287086486816
0.10171699523925781
0.1022791862487793
0.10903286933898926
0.10554170608520508
0.1010282039642334
0.09791827201843262
0.08831977844238281
0.10657572746276855
0.09374856948852539
0.09662795066833496
0.10237550735473633
0.0902245044708252
0.10530614852905273
0.09688830375671387
0.09008955955505371
0.10608530044555664
0.09048342704772949
0.09944605827331543
0.10974287986755371
0.09228682518005371
0.10451984405517578
0.08425116539001465
0.09960341453552246
0.09932160377502441
0.09719967842102051
0.09909510612487793
0.10112810134887695
0.09766173362731934
0.0955815315246582
0.10862088203430176
0.10477232933044434
0.09605050086975098
0.10762143135070801
0.08670568466186523
0.09444928169250488
0.09899258613586426
0.10103321075439453
0.10180187225341797
0.09098243713378906
0.10998940467834473
0.10840702056884766
0.0995795726776123
0.08887124061584473
0.09473705291748047
0.10450911521911621
0.10908269882202148
0.09203410148620605
0.09634828567504883
0.09569001197814941
0.09607601165771484
0.09998178482055664
0.09409356117248535
0.09723615646362305
0.09935832023620605
0.09765887260437012
0.11850619316101074
0.10003280639648438
0.107421875
0.10204458236694336
0.10260629653930664
0.09783720970153809
0.09287214279174805
0.0884089469909668
0.09518980979919434
0.10651564598083496
0.0992727279663086
0.1014406681060791
0.09821271896362305
0.0924229621887207
0.11173009872436523
0.09867286682128906
0.10287046432495117
0.0998382568359375
0.10186505317687988
0.1041407585144043
0.1152489185333252
0.1108407974243164
0.09081530570983887
0.09501528739929199
0.09209394454956055
0.11091351509094238
0.09845566749572754
0.10714149475097656
0.10986137390136719
0.10662841796875
0.09014558792114258
0.08933043479919434
0.10196709632873535
0.09440732002258301
0.09805846214294434
0.10766053199768066
0.0929555892944336
0.10541892051696777
0.10164809226989746
0.08808612823486328
0.09375739097595215
0.09352970123291016
0.11697173118591309
0.09531927108764648
0.09887528419494629
0.0924997329711914
0.08778762817382812
0.11179709434509277
0.09170770645141602
0.10453677177429199
0.1040804386138916
0.10904288291931152
0.10396480560302734
0.10655784606933594
0.0878915786743164
0.0972294807434082
0.10063505172729492
0.10202622413635254
0.10336160659790039
0.09920358657836914
0.08730387687683105
0.11335062980651855
0.10843825340270996
0.1090998649597168
0.10155367851257324
0.10132884979248047
0.10281515121459961
0.09198760986328125
0.0959775447845459
0.1025400161743164
0.0970308780670166
0.10954570770263672
0.09382009506225586
0.09307098388671875
0.08747744560241699
0.1004648208618164
0.0984640121459961
0.10196733474731445
0.1005866527557373
0.10744237899780273
0.09967827796936035
0.09288167953491211
0.1120903491973877
0.0996248722076416
0.10485363006591797
0.08733487129211426
0.1078023910522461
0.1044917106628418
0.11266565322875977
0.09187793731689453
0.09376049041748047
0.09629440307617188
0.10112977027893066
0.10210728645324707
0.09670400619506836
0.10181617736816406
0.0999443531036377
0.09763312339782715
0.0984954833984375
0.09340834617614746
0.09438085556030273
0.09956526756286621
0.09217047691345215
0.10436511039733887
0.08825516700744629
0.09660768508911133
0.1121666431427002
0.09339070320129395
0.0919504165649414
0.097930908203125
0.11311531066894531
0.10320734977722168
0.0900425910949707
0.08812689781188965
0.10418295860290527
0.10162663459777832
0.11373400688171387
0.09549093246459961
0.10645484924316406
0.09715509414672852
0.10586833953857422
0.09575033187866211
0.10157084465026855
0.09351873397827148
0.09914708137512207
0.09467363357543945
0.09468817710876465
0.10393595695495605
0.10457229614257812
0.10456395149230957
0.09545683860778809
0.09825944900512695
0.10353469848632812
0.10688447952270508
0.10066342353820801
0.09366035461425781
0.10148215293884277
0.09599637985229492
0.09769988059997559
0.09707021713256836
0.09564852714538574
0.11195778846740723
0.10243988037109375
0.08892655372619629
0.09986686706542969
0.09276700019836426
0.08384132385253906
0.09758877754211426
0.09229183197021484
0.09122085571289062
0.10454249382019043
0.0997915267944336
0.10604643821716309
0.10408806800842285
0.09188151359558105
0.10618758201599121
0.09895133972167969
0.0998687744140625
0.10069894790649414
0.10430288314819336
0.10296797752380371
0.09998893737792969
0.1019144058227539
0.1057119369506836
0.09576416015625
0.10051608085632324
0.10561800003051758
0.10024499893188477
0.1020040512084961
0.10783982276916504
0.10247373580932617
0.100860595703125
0.10900139808654785
0.10118293762207031
0.0903158187866211
0.09934306144714355
0.10623550415039062
0.10567736625671387
0.07848477363586426
0.10079693794250488
0.10579800605773926
0.10825634002685547
0.09723091125488281
0.09789848327636719
0.09227967262268066
0.09538507461547852
0.10122251510620117
0.09800267219543457
0.10116434097290039
0.08781266212463379
0.10579347610473633
0.0970461368560791
0.09271550178527832
0.09802913665771484
0.10273981094360352
0.0966346263885498
0.09910368919372559
0.10298347473144531
0.09179329872131348
0.09914946556091309
0.09417223930358887
0.09872221946716309
0.09502696990966797
0.09917044639587402
0.10386872291564941
0.09961414337158203
0.0889275074005127
0.09961366653442383
0.10806894302368164
0.10608053207397461
0.09495949745178223
0.10034394264221191
0.0951693058013916
0.10846257209777832
0.10405635833740234
0.10668444633483887
0.0880434513092041
0.10773301124572754
0.09002017974853516
0.09835696220397949
0.09815502166748047
0.07936525344848633
0.09581589698791504
0.09362983703613281
0.11336231231689453
0.10043811798095703
0.09200119972229004
0.10922098159790039
0.09876775741577148
0.10283303260803223
0.09294486045837402
0.09356927871704102
0.09911704063415527
0.11978888511657715
0.0932607650756836
0.09169483184814453
0.09897375106811523
0.10032296180725098
0.09875059127807617
0.08840322494506836
0.11031126976013184
0.08809566497802734
0.09652447700500488
0.10219001770019531
0.10575270652770996
0.08526802062988281
0.1009678840637207
0.10079097747802734
0.08525943756103516
0.08948802947998047
0.10643792152404785
0.09762382507324219
0.10364246368408203
0.10380101203918457
0.10250353813171387
0.1012887954711914
0.10085821151733398
0.10188627243041992
0.08956408500671387
0.10819411277770996
0.09932398796081543
0.09752082824707031
0.09383869171142578
0.09539079666137695
0.0846700668334961
0.10831332206726074
0.10243105888366699
0.10219049453735352
0.10852479934692383
0.0979611873626709
0.09987902641296387
0.09278345108032227
0.09900569915771484
0.09718060493469238
0.09140586853027344
0.10144162178039551
0.09006953239440918
0.11048030853271484
0.10364222526550293
0.09652590751647949
0.10376691818237305
0.11112236976623535
0.10509514808654785
0.10081911087036133
0.11336255073547363
0.09993886947631836
0.10211467742919922
0.09642672538757324
0.09752511978149414
0.08473062515258789
0.10229182243347168
0.09769058227539062
0.09436941146850586
0.10448002815246582
0.10469865798950195
0.10365152359008789
0.09770417213439941
0.08927464485168457
0.09423708915710449
0.10222077369689941
0.08912920951843262
0.08748793601989746
0.0946507453918457
0.11229681968688965
0.10550189018249512
0.1041111946105957
0.09068536758422852
0.10073304176330566
0.09055328369140625
0.09890866279602051
0.11489272117614746
0.10562348365783691
0.11401629447937012
0.10208010673522949
0.09921121597290039
0.10500764846801758
0.1018524169921875
0.10222959518432617
0.10515332221984863
0.09931635856628418
0.08763694763183594
0.10330319404602051
0.1011807918548584
0.09032630920410156
0.08958983421325684
0.10196042060852051
0.09621357917785645
0.11368298530578613
0.09651875495910645
0.10096383094787598
0.10773754119873047
0.10208845138549805
0.10149455070495605
0.10221314430236816
0.10005617141723633
0.09459567070007324
0.1034555435180664
0.09856367111206055
0.1058051586151123
0.10056161880493164
0.0850369930267334
0.10178160667419434
0.10808348655700684
0.09006977081298828
0.09573912620544434
0.09810185432434082
0.08814287185668945
0.10608315467834473
0.10106420516967773
0.09546780586242676
0.09642219543457031
0.09867596626281738
0.10349178314208984
0.09015274047851562
0.09696698188781738
0.09777235984802246
0.09038114547729492
0.10054588317871094
0.10373854637145996
0.10712504386901855
0.10643625259399414
0.09674620628356934
0.09354257583618164
0.09531497955322266
0.10629439353942871
0.08971142768859863
0.10119748115539551
0.09337329864501953
0.08806920051574707
0.09769129753112793
0.10703325271606445
0.0877676010131836
0.10696649551391602
0.09940075874328613
0.09735608100891113
0.09298419952392578
0.10410761833190918
0.09478211402893066
0.09815692901611328
0.10017848014831543
0.10025906562805176
0.1054222583770752
0.11058616638183594
0.08803439140319824
0.11204743385314941
0.09511303901672363
0.09329891204833984
0.08842134475708008
0.09532308578491211
0.10290908813476562
0.09975385665893555
0.09357714653015137
0.1000673770904541
0.09925675392150879
0.1041114330291748
0.11610078811645508
0.09640884399414062
0.10477209091186523
0.11089777946472168
0.09862995147705078
0.0922703742980957
0.10195064544677734
0.09571504592895508
0.0955514907836914
0.10355019569396973
0.09696674346923828
0.10677814483642578
0.0971074104309082
0.08636236190795898
0.09282660484313965
0.10494875907897949
0.10006594657897949
0.10298919677734375
0.09035778045654297
0.10015010833740234
0.10045170783996582
0.10770630836486816
0.10592341423034668
0.10509824752807617
0.09827852249145508
0.0991208553314209
0.10639643669128418
0.10666918754577637
0.08148884773254395
0.10972118377685547
0.09816789627075195
0.09217023849487305
0.09258484840393066
0.0983738899230957
0.08913779258728027
0.11004877090454102
0.0869905948638916
0.11059308052062988
0.09563136100769043
0.10579061508178711
0.09839844703674316
0.10527539253234863
0.09527587890625
0.09658956527709961
0.10942530632019043
0.10213279724121094
0.09992361068725586
0.11303901672363281
0.10532236099243164
0.1090695858001709
0.1009054183959961
0.1135110855102539
0.10138821601867676
0.1092524528503418
0.09993672370910645
0.10344648361206055
0.09569382667541504
0.0916433334350586
0.10267210006713867
0.1040501594543457
0.09924983978271484
