0.04142928123474121
0.04804849624633789
0.03540945053100586
0.042389869689941406
0.03332042694091797
0.0386197566986084
0.04696321487426758
0.0399472713470459
0.04012179374694824
0.03886890411376953
0.04396319389343262
0.03530716896057129
0.033959388732910156
0.042986392974853516
0.04102897644042969
0.03080582618713379
0.0528712272644043
0.041292428970336914
0.04527020454406738
0.05350828170776367
0.02438187599182129
0.033060312271118164
0.03245878219604492
0.03141021728515625
0.020282745361328125
0.04688429832458496
0.04559493064880371
0.027809619903564453
0.028146028518676758
0.042836666107177734
0.03473496437072754
0.04039597511291504
0.05332136154174805
0.036916494369506836
0.037703514099121094
0.046179771423339844
0.04102039337158203
0.04879164695739746
0.040506839752197266
0.03508615493774414
0.04560351371765137
0.040467262268066406
0.05113697052001953
0.03824949264526367
0.04413628578186035
0.02855539321899414
0.042307138442993164
0.04770302772521973
0.04033017158508301
0.05261659622192383
0.042287349700927734
0.04437446594238281
0.03322744369506836
0.026729345321655273
0.045654296875
0.04378700256347656
0.04078936576843262
0.040786027908325195
0.03496670722961426
0.041426897048950195
0.0364079475402832
0.0460660457611084
0.03966116905212402
0.04199719429016113
0.04589343070983887
0.05471396446228027
0.0385894775390625
0.038466453552246094
0.03456282615661621
0.046027421951293945
0.033151865005493164
0.046097755432128906
0.053009033203125
0.03336954116821289
0.04603290557861328
0.05259895324707031
0.02818012237548828
0.036119699478149414
0.04931330680847168
0.03315162658691406
0.04422593116760254
0.0429081916809082
0.0423121452331543
0.04858541488647461
0.037242889404296875
0.03850603103637695
0.04080939292907715
0.03586721420288086
0.04065132141113281
0.04407382011413574
0.049814701080322266
0.04285454750061035
0.03975510597229004
0.04138660430908203
0.0376129150390625
0.04046058654785156
0.027813196182250977
0.051206350326538086
0.05282235145568848
0.033347368240356445
0.04413270950317383
0.04030561447143555
0.0431208610534668
0.02613043785095215
0.03433871269226074
0.03867983818054199
0.053861141204833984
0.03900623321533203
0.06072640419006348
0.03359627723693848
0.04478263854980469
0.03548002243041992
0.04572272300720215
0.04397296905517578
0.046103477478027344
0.04874253273010254
0.03151440620422363
0.04073143005371094
0.030630826950073242
0.034380435943603516
0.04936957359313965
0.0429081916809082
0.04781508445739746
0.03549504280090332
0.039443016052246094
0.05378127098083496
0.043089866638183594
0.040940284729003906
0.027675628662109375
0.042308807373046875
0.04171466827392578
0.04744124412536621
0.032315731048583984
0.04215407371520996
0.037221431732177734
0.03816819190979004
0.04142642021179199
0.03915810585021973
0.028870344161987305
0.04218792915344238
0.034699440002441406
0.03330111503601074
0.04389834403991699
0.0406491756439209
0.041448116302490234
0.03692197799682617
0.04249453544616699
0.02760481834411621
0.043607473373413086
0.03631258010864258
0.03815269470214844
0.04489636421203613
0.046553611755371094
0.05263972282409668
0.0356137752532959
0.03429770469665527
0.03802013397216797
0.03963637351989746
0.054993629455566406
0.028951168060302734
0.044975996017456055
0.03631424903869629
0.04468250274658203
0.04880237579345703
0.0452573299407959
0.045325517654418945
0.04808783531188965
0.0350947380065918
0.02727985382080078
0.03767800331115723
0.03869056701660156
0.05016469955444336
0.04151511192321777
0.04020094871520996
0.037421464920043945
0.04497075080871582
0.05093669891357422
0.03795337677001953
0.03837132453918457
0.05520892143249512
0.03750467300415039
0.04200291633605957
0.04396796226501465
0.035988569259643555
0.034539222717285156
0.044345855712890625
0.03603672981262207
0.03411436080932617
0.04616498947143555
0.03046250343322754
0.045194149017333984
0.03446483612060547
0.04245615005493164
0.037764549255371094
0.05231666564941406
0.0441439151763916
0.03571486473083496
0.04386186599731445
0.04300093650817871
0.04405999183654785
0.033400774002075195
0.0391538143157959
0.042508602142333984
0.04264974594116211
0.03636908531188965
0.039342641830444336
0.03429269790649414
0.04307126998901367
0.04317355155944824
0.03240394592285156
0.03358316421508789
0.0522615909576416
0.03796958923339844
0.051744699478149414
0.04082846641540527
0.04139089584350586
0.053379058837890625
0.03809547424316406
0.028516054153442383
0.03095221519470215
0.03980278968811035
0.037230730056762695
0.0416569709777832
0.0347137451171875
0.027629375457763672
0.039114952087402344
0.030498027801513672
0.024202585220336914
0.03785586357116699
0.040514469146728516
0.03630352020263672
0.032910823822021484
0.04515719413757324
0.025288105010986328
0.038877010345458984
0.03797292709350586
0.03917646408081055
0.04417276382446289
0.0482783317565918
0.054582834243774414
0.05101132392883301
0.04189562797546387
0.038724660873413086
0.03936767578125
0.03950357437133789
0.042385101318359375
0.03411245346069336
0.04249453544616699
0.0331113338470459
0.03745603561401367
0.0361635684967041
0.036481618881225586
0.03485846519470215
0.04461407661437988
0.03526020050048828
0.047885894775390625
0.029282569885253906
0.04319047927856445
0.041124582290649414
0.052549123764038086
0.03809475898742676
0.04271984100341797
0.03719186782836914
0.04481863975524902
0.029079914093017578
0.033164024353027344
0.03998160362243652
0.03494691848754883
0.04159426689147949
0.032544612884521484
0.040854692459106445
0.04751157760620117
0.049216508865356445
0.03660392761230469
0.048532724380493164
0.04694414138793945
0.03759193420410156
0.036284685134887695
0.048476457595825195
0.04359936714172363
0.03756070137023926
0.04536843299865723
0.03609418869018555
0.0448145866394043
0.04262232780456543
0.037618398666381836
0.04990839958190918
0.03282976150512695
0.03913092613220215
0.027217626571655273
0.043358802795410156
0.049469709396362305
0.04331517219543457
0.028878450393676758
0.047616004943847656
0.04964804649353027
0.04536104202270508
0.033011674880981445
0.03610658645629883
0.041580915451049805
0.04023623466491699
0.030616283416748047
0.043225765228271484
0.022700786590576172
0.03690648078918457
0.03178119659423828
0.03520941734313965
0.040788888931274414
0.04198098182678223
0.034000396728515625
0.042626380920410156
0.034612178802490234
0.04397988319396973
0.04882049560546875
0.043799400329589844
0.038683176040649414
0.043257713317871094
0.04242086410522461
0.03752923011779785
0.04413747787475586
0.04037833213806152
0.050377607345581055
0.055139780044555664
0.0363774299621582
0.0365753173828125
0.02888631820678711
0.0384371280670166
0.025897741317749023
0.036422014236450195
0.028592824935913086
0.04281020164489746
0.04351544380187988
0.04335522651672363
0.04065990447998047
0.03873395919799805
0.037622690200805664
0.05202341079711914
0.04784059524536133
0.04217886924743652
0.036565542221069336
0.03701496124267578
0.03943204879760742
0.02693653106689453
0.037400007247924805
0.04073309898376465
0.046044111251831055
0.03327512741088867
0.04067683219909668
0.04416656494140625
0.03997921943664551
0.026113510131835938
0.04147458076477051
0.04170513153076172
0.030191659927368164
0.03915905952453613
0.05663275718688965
0.03904604911804199
0.03229928016662598
0.045517683029174805
0.029422760009765625
0.04209494590759277
0.04391026496887207
0.028525829315185547
0.046159982681274414
0.03171563148498535
0.0574650764465332
0.03917384147644043
0.03162336349487305
0.03940629959106445
0.03766322135925293
0.0506749153137207
0.045580387115478516
0.04157209396362305
0.04109811782836914
0.027399539947509766
0.047832489013671875
0.04641413688659668
0.028197765350341797
0.05262112617492676
0.03739809989929199
0.02962803840637207
0.042067766189575195
0.04184985160827637
0.04140496253967285
0.047647714614868164
0.03881216049194336
0.03937053680419922
0.04032421112060547
0.034587860107421875
0.03141474723815918
0.03936171531677246
0.03743600845336914
0.04247546195983887
0.040839195251464844
0.0342860221862793
0.04816770553588867
0.04085254669189453
0.04142451286315918
0.03596854209899902
0.03710007667541504
0.04003167152404785
0.04829239845275879
0.04663252830505371
0.03848910331726074
0.042771100997924805
0.04466867446899414
0.04637908935546875
0.05830192565917969
0.03312563896179199
0.04252314567565918
0.047852516174316406
0.042797088623046875
0.04077506065368652
0.04851269721984863
0.043468475341796875
0.034690141677856445
0.04218649864196777
0.04118752479553223
0.03671145439147949
0.03805065155029297
0.03915238380432129
0.04064512252807617
0.038720130920410156
0.03851056098937988
0.04685068130493164
0.04889535903930664
0.04414629936218262
0.05089116096496582
0.03693675994873047
0.04655623435974121
0.041327714920043945
0.03961753845214844
0.029047250747680664
0.0416102409362793
0.040487051010131836
0.042310237884521484
0.04286813735961914
0.036184072494506836
0.035166025161743164
0.037551164627075195
0.04198575019836426
0.04917740821838379
0.03592324256896973
0.03702855110168457
0.03961181640625
0.05619215965270996
0.03507280349731445
0.03578758239746094
0.031244277954101562
0.05072164535522461
0.029657840728759766
0.036470651626586914
0.028293132781982422
0.05267810821533203
0.03174924850463867
0.02778005599975586
0.027139663696289062
0.03999590873718262
0.04375934600830078
0.06031346321105957
0.03957223892211914
0.03834891319274902
0.04271531105041504
0.04494285583496094
0.03638935089111328
0.04567456245422363
0.03876900672912598
0.04388713836669922
0.043993234634399414
0.029252052307128906
0.05034613609313965
0.03913092613220215
0.03656363487243652
0.051483869552612305
0.04590559005737305
0.03662729263305664
0.042574405670166016
0.036887407302856445
0.029339075088500977
0.039469242095947266
0.051631927490234375
0.03489947319030762
0.03951907157897949
0.0449366569519043
0.04496598243713379
0.03867149353027344
0.041083574295043945
0.04255199432373047
0.04346442222595215
0.03502798080444336
0.03417634963989258
0.03223013877868652
0.04250597953796387
0.03202199935913086
0.033841609954833984
0.04038429260253906
0.045144081115722656
0.035988569259643555
0.03320145606994629
0.04536080360412598
0.038877010345458984
0.0435795783996582
0.05051875114440918
0.031093120574951172
0.054221391677856445
0.04808402061462402
0.041760921478271484
0.04177498817443848
0.028904199600219727
0.04280543327331543
0.044686317443847656
0.03803706169128418
0.038727521896362305
0.04767465591430664
0.03391218185424805
0.03896737098693848
0.030815839767456055
0.022006750106811523
0.045763492584228516
0.02880120277404785
0.04634380340576172
0.04378175735473633
0.02988886833190918
0.0425872802734375
0.04358172416687012
0.04327106475830078
0.03684830665588379
0.043670654296875
0.051192522048950195
0.03491854667663574
0.04234433174133301
0.04498600959777832
0.042256832122802734
0.043936967849731445
0.03842926025390625
0.0454254150390625
0.03805398941040039
0.04768705368041992
0.042450904846191406
0.04436945915222168
0.0455775260925293
0.0541071891784668
0.04014468193054199
0.04251503944396973
0.026137113571166992
0.029154062271118164
0.03342556953430176
0.041779279708862305
0.025835037231445312
0.041736602783203125
0.04242229461669922
0.0392608642578125
0.04138684272766113
0.03418612480163574
0.04861640930175781
0.029519319534301758
0.026550769805908203
0.05460381507873535
0.02794647216796875
0.04020333290100098
0.04433393478393555
0.036370277404785156
0.029475688934326172
0.03318166732788086
0.042699575424194336
0.041318416595458984
0.04910922050476074
0.03570127487182617
0.028939008712768555
0.04006314277648926
0.03262472152709961
0.029381752014160156
0.04934954643249512
0.044998884201049805
0.04457497596740723
0.04033470153808594
0.04659008979797363
0.04676985740661621
0.04889941215515137
0.030863046646118164
0.03542160987854004
0.04279613494873047
0.04471111297607422
0.03742241859436035
0.045218706130981445
0.04837536811828613
0.033162832260131836
0.04985213279724121
0.03017115592956543
0.05020737648010254
0.041352033615112305
0.04383683204650879
0.03482842445373535
0.03867173194885254
0.037394046783447266
0.04537606239318848
0.04325222969055176
0.036127567291259766
0.031549692153930664
0.04394388198852539
0.03648877143859863
0.044393062591552734
0.0450129508972168
0.04439878463745117
0.04857587814331055
0.042411088943481445
0.04080533981323242
0.03004002571105957
0.045093536376953125
0.03760385513305664
0.0541071891784668
0.040990591049194336
0.033080339431762695
0.036513566970825195
0.053978919982910156
0.051285743713378906
0.05395770072937012
0.04164290428161621
0.040015459060668945
0.03279447555541992
0.03643321990966797
0.04367828369140625
0.045012474060058594
0.05307435989379883
0.0512540340423584
0.0473017692565918
0.04325747489929199
0.03789353370666504
0.04083108901977539
0.05294179916381836
0.03984379768371582
0.033116817474365234
0.03764533996582031
0.05012011528015137
0.03733468055725098
0.03772234916687012
0.03599667549133301
0.04983925819396973
0.04097104072570801
0.042145729064941406
0.05294466018676758
0.0478367805480957
0.04546046257019043
0.04945850372314453
0.028537988662719727
0.044089317321777344
0.042917490005493164
0.03663444519042969
0.058023929595947266
0.0441434383392334
0.037879228591918945
0.03978300094604492
0.04306745529174805
0.0495295524597168
0.03705883026123047
0.03732037544250488
0.03904128074645996
0.05447959899902344
0.03335714340209961
0.037203073501586914
0.02972698211669922
0.03172492980957031
0.05986905097961426
0.05189824104309082
0.041506290435791016
0.03666377067565918
0.03876376152038574
0.038712263107299805
0.03982424736022949
0.045355796813964844
0.03331279754638672
0.04539918899536133
0.03214621543884277
0.03512096405029297
0.045964956283569336
0.04375720024108887
0.046234846115112305
0.04934525489807129
0.03829693794250488
0.026251792907714844
0.058249711990356445
0.042664289474487305
0.032140254974365234
0.04327034950256348
0.04640316963195801
0.042214155197143555
0.03274130821228027
0.037743568420410156
0.03801536560058594
0.04854559898376465
0.04031014442443848
0.0429234504699707
0.03325796127319336
0.039324045181274414
0.038750410079956055
0.032698869705200195
0.03765535354614258
0.03386688232421875
0.04654693603515625
0.04946613311767578
0.04033255577087402
0.051687002182006836
0.040483951568603516
0.044492483139038086
0.04154610633850098
0.044394493103027344
0.0419001579284668
0.04349064826965332
0.037976980209350586
0.03356790542602539
0.03374481201171875
0.03195309638977051
0.04080772399902344
0.03923749923706055
0.046263694763183594
0.037174224853515625
0.049276113510131836
0.04810523986816406
0.035722970962524414
0.04378247261047363
0.04060959815979004
0.030068397521972656
0.040647029876708984
0.04104733467102051
0.03943514823913574
0.05044865608215332
0.04458260536193848
0.04158902168273926
0.03205370903015137
0.028704166412353516
0.03684353828430176
0.038663387298583984
0.04056715965270996
0.031139612197875977
0.037734031677246094
0.0491790771484375
0.04508209228515625
0.04156374931335449
0.025433778762817383
0.052312374114990234
0.03687858581542969
0.038487911224365234
0.042874813079833984
0.04792904853820801
0.034593820571899414
0.039220333099365234
0.03562188148498535
0.04233431816101074
0.036571502685546875
0.040511369705200195
0.05287885665893555
0.03699898719787598
0.048851728439331055
0.04770851135253906
0.03472399711608887
0.0420384407043457
0.02415323257446289
0.045307159423828125
0.04390263557434082
0.056992530822753906
0.04760551452636719
0.04235219955444336
0.038204193115234375
0.03369617462158203
0.04656410217285156
0.0418851375579834
0.0396571159362793
0.04527854919433594
0.043378591537475586
0.04460954666137695
0.03770184516906738
0.0427546501159668
0.04627394676208496
0.04531121253967285
0.03947162628173828
0.04027104377746582
0.04457879066467285
0.030907869338989258
0.045760154724121094
0.03734254837036133
0.04066181182861328
0.04378008842468262
0.04080629348754883
0.04094409942626953
0.04999113082885742
0.03844928741455078
0.04158616065979004
0.025203704833984375
0.042717695236206055
0.035382747650146484
0.039591073989868164
0.03878903388977051
0.045583248138427734
0.045545101165771484
0.04151296615600586
0.037728309631347656
0.03383803367614746
0.04504251480102539
0.03692460060119629
0.04026484489440918
0.031844377517700195
0.023752927780151367
0.034963130950927734
0.04796266555786133
0.040541648864746094
0.036241769790649414
0.035726308822631836
0.036992549896240234
0.029787540435791016
0.049765825271606445
0.04533267021179199
0.0321352481842041
0.03702974319458008
0.054023027420043945
0.040134429931640625
0.03571605682373047
0.051259517669677734
0.03220510482788086
0.04549884796142578
0.03725099563598633
0.04389786720275879
0.03767085075378418
0.046564340591430664
0.035997629165649414
0.029356718063354492
0.04296278953552246
0.04485678672790527
0.04394030570983887
0.03270435333251953
0.042971134185791016
0.0472722053527832
0.04256319999694824
0.03630518913269043
0.034365177154541016
0.029192686080932617
0.04031229019165039
0.0439610481262207
0.04554915428161621
0.02795100212097168
0.03445172309875488
0.046767473220825195
0.03742718696594238
0.04009509086608887
0.036153554916381836
0.04739522933959961
0.03533363342285156
0.03740668296813965
0.03536033630371094
0.037934064865112305
0.03363227844238281
0.03941035270690918
0.0429990291595459
0.0323178768157959
0.041730642318725586
0.04508042335510254
0.05144453048706055
0.050800323486328125
0.04237651824951172
0.03269219398498535
0.04294180870056152
0.03336930274963379
0.03562426567077637
0.041669607162475586
0.050959110260009766
0.04786348342895508
0.03606581687927246
0.045027971267700195
0.03962421417236328
0.045914411544799805
0.04205775260925293
0.048940420150756836
0.04189801216125488
0.04697895050048828
0.030640363693237305
0.025697946548461914
0.04088592529296875
0.04401540756225586
0.023604393005371094
0.0318455696105957
0.03430294990539551
0.03849935531616211
0.0330045223236084
0.04618644714355469
0.042076826095581055
0.029890060424804688
0.047409772872924805
0.04251432418823242
0.04666304588317871
0.026883840560913086
0.03810858726501465
0.0432286262512207
0.0366673469543457
0.033016204833984375
0.044287681579589844
0.02974081039428711
0.045320749282836914
0.03197312355041504
0.029723167419433594
0.048453330993652344
0.03554844856262207
0.03937697410583496
0.038672685623168945
0.029946565628051758
0.0361485481262207
0.040967464447021484
0.03748750686645508
0.05053997039794922
0.05016469955444336
0.047614097595214844
0.03885793685913086
0.0400242805480957
0.03362560272216797
0.046018123626708984
0.0434870719909668
0.03815913200378418
0.03834390640258789
0.032843828201293945
0.03132009506225586
0.03598761558532715
0.037645578384399414
0.031145095825195312
0.0354304313659668
0.039516448974609375
0.0464024543762207
0.03730893135070801
0.046468257904052734
0.04088306427001953
0.04155874252319336
0.05340409278869629
0.04620671272277832
0.04171133041381836
0.028636932373046875
0.03155064582824707
0.0375370979309082
0.04025006294250488
0.03737616539001465
0.05003857612609863
0.032263755798339844
0.033041954040527344
0.040135860443115234
0.0499269962310791
0.04307293891906738
0.05094456672668457
0.05430006980895996
0.031193971633911133
0.0368802547454834
0.03889822959899902
0.03974318504333496
0.03952193260192871
0.0305478572845459
0.04793119430541992
0.031966447830200195
0.037064313888549805
0.046118974685668945
0.03243565559387207
0.04738807678222656
0.03236675262451172
0.048026323318481445
0.04470014572143555
0.04892921447753906
0.0376887321472168
0.041994333267211914
0.03107166290283203
0.03265261650085449
0.04786849021911621
0.0400233268737793
0.04568290710449219
0.04055619239807129
0.021928071975708008
0.042432546615600586
0.03692269325256348
0.040639638900756836
0.04239988327026367
0.04419565200805664
0.043470144271850586
0.04183626174926758
0.03037858009338379
0.03380322456359863
0.04052996635437012
0.03893089294433594
0.03905892372131348
0.032810211181640625
0.029683351516723633
0.04814624786376953
0.033205509185791016
0.03600931167602539
0.04458880424499512
0.04425358772277832
0.03540492057800293
0.04274320602416992
0.03476762771606445
0.04558730125427246
0.043290138244628906
0.03751802444458008
0.03651881217956543
0.03430342674255371
0.04405665397644043
0.038518428802490234
0.04059243202209473
0.030336618423461914
