0.044534921646118164
0.03914833068847656
0.043683528900146484
0.0353395938873291
0.03179931640625
0.03896045684814453
0.049774169921875
0.04135251045227051
0.026643753051757812
0.03934216499328613
0.04095005989074707
0.03178977966308594
0.03804945945739746
0.046715497970581055
0.04043912887573242
0.04088950157165527
0.04900860786437988
0.04284262657165527
0.03670763969421387
0.053226470947265625
0.03901100158691406
0.04827141761779785
0.03617215156555176
0.03265547752380371
0.05347871780395508
0.026511430740356445
0.041069984436035156
0.03643465042114258
0.03865647315979004
0.0415499210357666
0.05578875541687012
0.03371453285217285
0.034760236740112305
0.036368370056152344
0.0482020378112793
0.029346704483032227
0.03529810905456543
0.04074859619140625
0.04183483123779297
0.046706199645996094
0.041735172271728516
0.04156661033630371
0.043010711669921875
0.035400390625
0.04849672317504883
0.031103134155273438
0.04698944091796875
0.03445291519165039
0.04305315017700195
0.037897348403930664
0.04421806335449219
0.05176877975463867
0.0497894287109375
0.04941201210021973
0.02181410789489746
0.026044130325317383
0.05834531784057617
0.05135011672973633
0.03947019577026367
0.05064582824707031
0.03812861442565918
0.052709102630615234
0.030221939086914062
0.037001609802246094
0.030608654022216797
0.04759812355041504
0.04900932312011719
0.03210926055908203
0.03616690635681152
0.038628339767456055
0.04055953025817871
0.040840864181518555
0.0453486442565918
0.041655778884887695
0.042635440826416016
0.04462432861328125
0.043526649475097656
0.04357600212097168
0.04038858413696289
0.040552377700805664
0.038466453552246094
0.037155866622924805
0.05793166160583496
0.03184247016906738
0.03519725799560547
0.03947281837463379
0.037220001220703125
0.03556013107299805
0.04373979568481445
0.035402536392211914
0.032399892807006836
0.0398709774017334
0.03734183311462402
0.04047799110412598
0.03986716270446777
0.033597707748413086
0.03619241714477539
0.05637645721435547
0.03590536117553711
0.05286121368408203
0.04906606674194336
0.031507253646850586
0.02486133575439453
0.04784131050109863
0.02829742431640625
0.03721880912780762
0.03093862533569336
0.029986858367919922
0.02530503273010254
0.03632330894470215
0.03895258903503418
0.039536237716674805
0.035330772399902344
0.03668546676635742
0.03131747245788574
0.03988146781921387
0.041619300842285156
0.0496978759765625
0.032866716384887695
0.03238725662231445
0.034012794494628906
0.038781166076660156
0.03033447265625
0.03976845741271973
0.0430605411529541
0.03188967704772949
0.04147505760192871
0.040357112884521484
0.05355072021484375
0.048980712890625
0.034433841705322266
0.036720991134643555
0.03788495063781738
0.034897804260253906
0.034970760345458984
0.026469707489013672
0.0308840274810791
0.028539180755615234
0.04472541809082031
0.04657173156738281
0.04261279106140137
0.04894614219665527
0.03763127326965332
0.030551671981811523
0.03475761413574219
0.04666781425476074
0.03894805908203125
0.03415536880493164
0.03830909729003906
0.0316162109375
0.044797658920288086
0.04139852523803711
0.050905704498291016
0.05233621597290039
0.04140901565551758
0.045667409896850586
0.03530597686767578
0.0336613655090332
0.04074406623840332
0.04689383506774902
0.03238224983215332
0.03061842918395996
0.04633522033691406
0.03507637977600098
0.040991783142089844
0.03867077827453613
0.025646209716796875
0.03320050239562988
0.046259164810180664
0.028306007385253906
0.03277134895324707
0.041051387786865234
0.04127812385559082
0.04011845588684082
0.03045201301574707
0.04302549362182617
0.02922964096069336
0.028185606002807617
0.03955483436584473
0.037401437759399414
0.04156351089477539
0.030893325805664062
0.03287935256958008
0.046564579010009766
0.030657052993774414
0.04302167892456055
0.05629467964172363
0.05486416816711426
0.030717849731445312
0.045882463455200195
0.04449462890625
0.03475189208984375
0.04361462593078613
0.027852773666381836
0.04355955123901367
0.038481712341308594
0.05622673034667969
0.0453188419342041
0.04466605186462402
0.036530256271362305
0.037980079650878906
0.04188990592956543
0.04318642616271973
0.05069851875305176
0.047989845275878906
0.048623085021972656
0.03920936584472656
0.0523686408996582
0.04174399375915527
0.03712296485900879
0.050792694091796875
0.043473243713378906
0.03939986228942871
0.034015655517578125
0.03924298286437988
0.03347635269165039
0.040381669998168945
0.03877091407775879
0.0422368049621582
0.05196189880371094
0.04474329948425293
0.03388094902038574
0.03736257553100586
0.041164398193359375
0.03274273872375488
0.04221463203430176
0.035161733627319336
0.051905155181884766
0.03982996940612793
0.0395205020904541
0.04000663757324219
0.02946782112121582
0.03472089767456055
0.04428505897521973
0.041944265365600586
0.03290104866027832
0.023442983627319336
0.02430558204650879
0.025704622268676758
0.05045485496520996
0.0373687744140625
0.03784584999084473
0.03753042221069336
0.03892254829406738
0.03844189643859863
0.04169011116027832
0.026519298553466797
0.03821253776550293
0.030396461486816406
0.033214569091796875
0.04663205146789551
0.04389238357543945
0.046774864196777344
0.04132246971130371
0.0379941463470459
0.04734206199645996
0.04269886016845703
0.03341245651245117
0.03978085517883301
0.037714481353759766
0.029787063598632812
0.03504204750061035
0.040067195892333984
0.03753542900085449
0.0381312370300293
0.03801274299621582
0.04440116882324219
0.04631447792053223
0.043154239654541016
0.04416036605834961
0.029035329818725586
0.039755821228027344
0.04890179634094238
0.04876971244812012
0.04429435729980469
0.0352938175201416
0.05527067184448242
0.05135178565979004
0.046700477600097656
0.044396162033081055
0.040457963943481445
0.0419774055480957
0.03989720344543457
0.036864280700683594
0.054262399673461914
0.025658130645751953
0.04741477966308594
0.05078887939453125
0.045574188232421875
0.03836369514465332
0.04455399513244629
0.048975229263305664
0.03862786293029785
0.05443239212036133
0.03650259971618652
0.0284576416015625
0.04130125045776367
0.04874897003173828
0.03578329086303711
0.03322434425354004
0.033434152603149414
0.048723697662353516
0.044182777404785156
0.04545998573303223
0.05343937873840332
0.03613638877868652
0.036487579345703125
0.04028034210205078
0.03566479682922363
0.0431971549987793
0.02581644058227539
0.050318002700805664
0.037162065505981445
0.03244662284851074
0.0373384952545166
0.03856682777404785
0.051451921463012695
0.04063153266906738
0.03151583671569824
0.03931474685668945
0.03451800346374512
0.04342818260192871
0.0355072021484375
0.04174661636352539
0.0439906120300293
0.041414737701416016
0.040302276611328125
0.04178047180175781
0.04114866256713867
0.05048036575317383
0.04435324668884277
0.034885406494140625
0.04626584053039551
0.035091400146484375
0.032652854919433594
0.04802823066711426
0.04848337173461914
0.030254840850830078
0.03713488578796387
0.046938419342041016
0.06013226509094238
0.039885759353637695
0.04052376747131348
0.03379106521606445
0.02759099006652832
0.03225207328796387
0.039043426513671875
0.03216671943664551
0.04533076286315918
0.041545867919921875
0.039078712463378906
0.03450155258178711
0.038663387298583984
0.017084836959838867
0.02685832977294922
0.05372023582458496
0.045630693435668945
0.044508934020996094
0.03545856475830078
0.038956642150878906
0.03999161720275879
0.04085969924926758
0.04384875297546387
0.0423731803894043
0.031195640563964844
0.04183673858642578
0.050347328186035156
0.03688359260559082
0.04293942451477051
0.04337739944458008
0.037602901458740234
0.03538203239440918
0.04007554054260254
0.03952169418334961
0.04671525955200195
0.037116289138793945
0.04126334190368652
0.037918806076049805
0.045960426330566406
0.04585599899291992
0.05249309539794922
0.04436802864074707
0.04189944267272949
0.034215688705444336
0.0371248722076416
0.04585552215576172
0.05258035659790039
0.052487850189208984
0.04996991157531738
0.03432106971740723
0.045163869857788086
0.03855633735656738
0.04198145866394043
0.044605255126953125
0.038381099700927734
0.03361821174621582
0.04378008842468262
0.039791107177734375
0.04390072822570801
0.05956721305847168
0.04129624366760254
0.0325469970703125
0.05629897117614746
0.0342259407043457
0.03514742851257324
0.03150629997253418
0.046358585357666016
0.04918932914733887
0.03800797462463379
0.039324283599853516
0.03673267364501953
0.043576717376708984
0.04151296615600586
0.03891134262084961
0.03063178062438965
0.04352426528930664
0.024038076400756836
0.03711056709289551
0.03769207000732422
0.035343170166015625
0.03383755683898926
0.03867769241333008
0.04731130599975586
0.049997806549072266
0.030541419982910156
0.03737282752990723
0.04880046844482422
0.04565119743347168
0.043083906173706055
0.05036163330078125
0.03852581977844238
0.04890704154968262
0.030780315399169922
0.050432443618774414
0.03418374061584473
0.036199331283569336
0.03710532188415527
0.03331351280212402
0.03788280487060547
0.04295849800109863
0.04824471473693848
0.03585362434387207
0.04641532897949219
0.0341792106628418
0.029231548309326172
0.03098583221435547
0.030826568603515625
0.03247189521789551
0.05637860298156738
0.03941679000854492
0.04778456687927246
0.04560112953186035
0.043639183044433594
0.04197263717651367
0.03145003318786621
0.0341641902923584
0.03298592567443848
0.0359644889831543
0.04734516143798828
0.044350624084472656
0.03918147087097168
0.04334568977355957
0.03886103630065918
0.03824949264526367
0.04418754577636719
0.03335261344909668
0.03283548355102539
0.03733563423156738
0.04578113555908203
0.044266700744628906
0.04720902442932129
0.037984609603881836
0.04552769660949707
0.0410456657409668
0.04093813896179199
0.0353238582611084
0.04681706428527832
0.044579505920410156
0.04337286949157715
0.03836250305175781
0.048422813415527344
0.04442334175109863
0.04082036018371582
0.03917646408081055
0.0485842227935791
0.04171299934387207
0.040550947189331055
0.0439298152923584
0.03500676155090332
0.05484938621520996
0.025065898895263672
0.03952670097351074
0.03786587715148926
0.03966379165649414
0.04376578330993652
0.02830195426940918
0.03934216499328613
0.03364276885986328
0.0327305793762207
0.02606511116027832
0.05671095848083496
0.03620791435241699
0.04480862617492676
0.03769040107727051
0.04188227653503418
0.04204893112182617
0.032623291015625
0.04495406150817871
0.04779982566833496
0.04171586036682129
0.0418546199798584
0.04171586036682129
0.04212498664855957
0.04056906700134277
0.04088163375854492
0.03605031967163086
0.04310178756713867
0.034131526947021484
0.02242279052734375
0.04070234298706055
0.03868389129638672
0.041908979415893555
0.044232845306396484
0.04667162895202637
0.04449915885925293
0.04642796516418457
0.03708934783935547
0.04122304916381836
0.04876255989074707
0.03702211380004883
0.03892993927001953
0.040088653564453125
0.04797005653381348
0.026751279830932617
0.039560556411743164
0.04770255088806152
0.044248104095458984
0.03526711463928223
0.03986811637878418
0.03146934509277344
0.03276205062866211
0.05080127716064453
0.0320744514465332
0.02304983139038086
0.04474067687988281
0.03713417053222656
0.045728206634521484
0.02098369598388672
0.04965949058532715
0.04306936264038086
0.05171537399291992
0.03495216369628906
0.03850960731506348
0.04694485664367676
0.046350717544555664
0.029246091842651367
0.038680076599121094
0.04738020896911621
0.03310441970825195
0.04344320297241211
0.04651665687561035
0.04343247413635254
0.039884328842163086
0.0326690673828125
0.036551475524902344
0.046959638595581055
0.05440187454223633
0.03317904472351074
0.05568075180053711
0.04174232482910156
0.04324150085449219
0.03665471076965332
0.0419466495513916
0.0266721248626709
0.0270535945892334
0.04621076583862305
0.05512690544128418
0.04030251502990723
0.04635047912597656
0.03841710090637207
0.034609079360961914
0.0452876091003418
0.04819679260253906
0.037146568298339844
0.037138938903808594
0.04377126693725586
0.032447099685668945
0.04094338417053223
0.04931187629699707
0.037386417388916016
0.04106903076171875
0.04743480682373047
0.04928469657897949
0.05276226997375488
0.04820847511291504
0.042446136474609375
0.04050040245056152
0.031030893325805664
0.036432504653930664
0.031197309494018555
0.04396677017211914
0.04131913185119629
0.034358978271484375
0.03745865821838379
0.03746604919433594
0.0412287712097168
0.04503965377807617
0.03906655311584473
0.042249202728271484
0.032927513122558594
0.045969247817993164
0.03683781623840332
0.04675149917602539
0.028246164321899414
0.04246807098388672
0.04465627670288086
0.017866134643554688
0.0524449348449707
0.042559146881103516
0.04131770133972168
0.04004335403442383
0.03950023651123047
0.04566526412963867
0.04342532157897949
0.04590487480163574
0.03912210464477539
0.026025772094726562
0.0326080322265625
0.05046200752258301
0.02945685386657715
0.037775278091430664
0.04497098922729492
0.0457768440246582
0.04062652587890625
0.05162763595581055
0.03176259994506836
0.04321599006652832
0.029854297637939453
0.041513681411743164
0.03605294227600098
0.05048799514770508
0.05207347869873047
0.05673813819885254
0.03838968276977539
0.03983926773071289
0.048081398010253906
0.03811168670654297
0.04973101615905762
0.04209280014038086
0.04576849937438965
0.024350881576538086
0.04569721221923828
0.04969644546508789
0.05063176155090332
0.04108262062072754
0.05337238311767578
0.043723344802856445
0.04300808906555176
0.03738093376159668
0.050304412841796875
0.04279923439025879
0.044716596603393555
0.0376286506652832
0.03576779365539551
0.03380012512207031
0.03744673728942871
0.05264687538146973
0.04756975173950195
0.04331636428833008
0.03377032279968262
0.04575347900390625
0.03810405731201172
0.04233694076538086
0.03816676139831543
0.03426861763000488
0.03140068054199219
0.02223491668701172
0.05102849006652832
0.0385892391204834
0.04273200035095215
0.03665304183959961
0.05071067810058594
0.038022518157958984
0.030600786209106445
0.03202104568481445
0.02268052101135254
0.0509951114654541
0.040498971939086914
0.04063272476196289
0.03627634048461914
0.03330636024475098
0.055754661560058594
0.038869380950927734
0.04130911827087402
0.033725738525390625
0.04914450645446777
0.022242069244384766
0.04608917236328125
0.0384371280670166
0.042923688888549805
0.0382845401763916
0.044950008392333984
0.05675148963928223
0.05239152908325195
0.035643577575683594
0.04458141326904297
0.0461268424987793
0.040708065032958984
0.04044675827026367
0.034626007080078125
0.05699443817138672
0.04144763946533203
0.03862643241882324
0.037056922912597656
0.04130411148071289
0.04229021072387695
0.04046988487243652
0.04016995429992676
0.04595828056335449
0.03413558006286621
0.05063009262084961
0.04647326469421387
0.04087424278259277
0.03967428207397461
0.03332829475402832
0.029862165451049805
0.04376864433288574
0.055599212646484375
0.029358625411987305
0.03485727310180664
0.05061030387878418
0.041971445083618164
0.0421140193939209
0.0502471923828125
0.03165268898010254
0.05194544792175293
0.03750181198120117
0.03706669807434082
0.0427098274230957
0.04548764228820801
0.031590938568115234
0.033447265625
0.047315359115600586
0.05679440498352051
0.028799772262573242
0.0396273136138916
0.043480634689331055
0.04854893684387207
0.04407167434692383
0.042456865310668945
0.03601551055908203
0.0374913215637207
0.048250675201416016
0.023926258087158203
0.045288801193237305
0.04283499717712402
0.04648756980895996
0.0421750545501709
0.05068778991699219
0.04143500328063965
0.04612326622009277
0.03711128234863281
0.03738522529602051
0.04062509536743164
0.03371095657348633
0.047498464584350586
0.03130936622619629
0.03692626953125
0.03876805305480957
0.0483248233795166
0.05113697052001953
0.04397916793823242
0.03938794136047363
0.0508570671081543
0.0340576171875
0.0394284725189209
0.05117082595825195
0.03173041343688965
0.05328011512756348
0.04413580894470215
0.031174182891845703
0.045133352279663086
0.03215599060058594
0.05470108985900879
0.03428792953491211
0.04236459732055664
0.03811526298522949
0.04026174545288086
0.059116363525390625
0.0558931827545166
0.0382080078125
0.0316319465637207
0.045181989669799805
0.03888893127441406
0.044239044189453125
0.03774666786193848
0.05050182342529297
0.04127383232116699
0.0423281192779541
0.044798851013183594
0.05086350440979004
0.033025503158569336
0.04494452476501465
0.04649162292480469
0.03668403625488281
0.037024497985839844
0.047234535217285156
0.040467262268066406
0.03455495834350586
0.04522228240966797
0.03523874282836914
0.043506622314453125
0.04308915138244629
0.04280972480773926
0.0379030704498291
0.04265308380126953
0.03502917289733887
0.036798715591430664
0.03848433494567871
0.047577619552612305
0.03875255584716797
0.03959345817565918
0.03958702087402344
0.031220436096191406
0.04962015151977539
0.04263615608215332
0.04425477981567383
0.03516578674316406
0.045152902603149414
0.0327458381652832
0.028261661529541016
0.032505035400390625
0.050104618072509766
0.047334909439086914
0.0345458984375
0.02626180648803711
0.04057884216308594
0.04616093635559082
0.05233645439147949
0.03643178939819336
0.04901003837585449
0.04488801956176758
0.040863037109375
0.0298306941986084
0.04961371421813965
0.04266238212585449
0.034818172454833984
0.0370635986328125
0.04306674003601074
0.044344425201416016
0.042537689208984375
0.03615260124206543
0.026329755783081055
0.04719686508178711
0.047908782958984375
0.040334224700927734
0.031063318252563477
0.027065753936767578
0.03601241111755371
0.03762030601501465
0.04763197898864746
0.03741025924682617
0.03321027755737305
0.045734405517578125
0.041773319244384766
0.025478601455688477
0.04483222961425781
0.04418802261352539
0.03693079948425293
0.0422358512878418
0.03728485107421875
0.03612685203552246
0.04362821578979492
0.04653668403625488
0.05439305305480957
0.031057357788085938
0.04860496520996094
0.042814016342163086
0.04091238975524902
0.05230879783630371
0.03658890724182129
0.03667950630187988
0.0400998592376709
0.04728889465332031
0.037758827209472656
0.04517984390258789
0.04282212257385254
0.0394892692565918
0.04264020919799805
0.03992867469787598
0.04317641258239746
0.0456995964050293
0.0422210693359375
0.041849613189697266
0.04264998435974121
0.03386330604553223
0.04567527770996094
0.04046487808227539
0.0401461124420166
0.04577469825744629
0.023815155029296875
0.04013657569885254
0.030469655990600586
0.04438352584838867
0.0231626033782959
0.058669090270996094
0.0393681526184082
0.04610490798950195
0.039038658142089844
0.043289899826049805
0.04778242111206055
0.042447566986083984
0.03985333442687988
0.04742932319641113
0.048361778259277344
0.041211843490600586
0.04447603225708008
0.044425249099731445
0.0431513786315918
0.04078865051269531
0.04339480400085449
0.04144287109375
0.03159952163696289
0.0459134578704834
0.04274797439575195
0.039211273193359375
0.05423927307128906
0.03987240791320801
0.04389595985412598
0.03602313995361328
0.05054330825805664
0.04474020004272461
0.03971982002258301
0.03655195236206055
0.04521512985229492
0.039850473403930664
0.03780055046081543
0.04770374298095703
0.026499509811401367
0.03423905372619629
0.0421602725982666
0.03877115249633789
0.05058026313781738
0.03896069526672363
0.04372119903564453
0.03704047203063965
0.03515124320983887
0.035253047943115234
0.04129219055175781
0.04919838905334473
0.030997276306152344
0.04041790962219238
0.03587007522583008
0.042379140853881836
0.03946328163146973
0.04199051856994629
0.04804277420043945
0.05330300331115723
0.04566454887390137
0.04449343681335449
0.04236006736755371
0.03477907180786133
0.032884836196899414
0.04050922393798828
0.046961307525634766
0.03302812576293945
0.030810832977294922
0.03977346420288086
0.04806804656982422
0.02824568748474121
0.051175594329833984
0.03010272979736328
0.0401158332824707
0.030309438705444336
0.04550909996032715
0.04287576675415039
0.041774749755859375
0.0365297794342041
0.05318045616149902
0.04131197929382324
0.049704551696777344
0.05182957649230957
0.04758620262145996
0.050440073013305664
0.03861546516418457
0.05359697341918945
0.044550180435180664
0.038301706314086914
0.04828500747680664
0.034494638442993164
0.040183067321777344
0.02837681770324707
0.04874300956726074
0.03429603576660156
0.034978389739990234
0.04130840301513672
0.037580251693725586
0.055916547775268555
0.04204845428466797
0.04318094253540039
