0.08574557304382324
0.08537054061889648
0.07911252975463867
0.08634448051452637
0.08842110633850098
0.06422686576843262
0.0809624195098877
0.08186531066894531
0.05976104736328125
0.08143782615661621
0.10069036483764648
0.06995272636413574
0.08379197120666504
0.06496381759643555
0.07766580581665039
0.0929262638092041
0.0890817642211914
0.0921180248260498
0.08756399154663086
0.0766754150390625
0.07403063774108887
0.07675981521606445
0.07740473747253418
0.08080577850341797
0.08962750434875488
0.07995104789733887
0.0960845947265625
0.08562541007995605
0.08343744277954102
0.08526062965393066
0.07053852081298828
0.10113811492919922
0.0860750675201416
0.07145524024963379
0.07898616790771484
0.07902216911315918
0.07918834686279297
0.0873711109161377
0.08133316040039062
0.07317209243774414
0.07494425773620605
0.07727527618408203
0.07020115852355957
0.08575963973999023
0.08023500442504883
0.07401037216186523
0.07466340065002441
0.07650065422058105
0.07872796058654785
0.08153581619262695
0.08689022064208984
0.08278083801269531
0.06921958923339844
0.0915689468383789
0.07398366928100586
0.08214426040649414
0.07973146438598633
0.08273148536682129
0.08072471618652344
0.08121848106384277
0.08727717399597168
0.08249568939208984
0.07445383071899414
0.07700300216674805
0.07555437088012695
0.07418346405029297
0.0844273567199707
0.07801389694213867
0.09206104278564453
0.0863184928894043
0.07986330986022949
0.08525729179382324
0.0781552791595459
0.08199381828308105
0.07881522178649902
0.07232928276062012
0.07301473617553711
0.0761418342590332
0.07707905769348145
0.07872271537780762
0.07973790168762207
0.06826329231262207
0.07764911651611328
0.07741737365722656
0.061187744140625
0.06708073616027832
0.08074736595153809
0.07946920394897461
0.07619047164916992
0.07690668106079102
0.07827877998352051
0.07177925109863281
0.07923650741577148
0.07904505729675293
0.07790589332580566
0.0911414623260498
0.08307099342346191
0.07516860961914062
0.07884025573730469
0.08300590515136719
0.07354259490966797
0.0813446044921875
0.07634878158569336
0.07508540153503418
0.07447576522827148
0.07095813751220703
0.08328628540039062
0.07267069816589355
0.07338500022888184
0.08167386054992676
0.08630585670471191
0.07949423789978027
0.08640217781066895
0.0873868465423584
0.07853126525878906
0.0811314582824707
0.07974386215209961
0.08312869071960449
0.0819251537322998
0.08175110816955566
0.07668662071228027
0.06661486625671387
0.06901717185974121
0.07893586158752441
0.08679604530334473
0.07913875579833984
0.06871199607849121
0.08908581733703613
0.08295893669128418
0.09758806228637695
0.08671736717224121
0.08408308029174805
0.08655405044555664
0.08276033401489258
0.08344244956970215
0.07354354858398438
0.0684976577758789
0.08097410202026367
0.06900429725646973
0.07738924026489258
0.07984256744384766
0.08346700668334961
0.07537102699279785
0.07330632209777832
0.0893867015838623
0.08429479598999023
0.08378911018371582
0.0769197940826416
0.08083367347717285
0.07773542404174805
0.08931660652160645
0.07746291160583496
0.0828390121459961
0.08229851722717285
0.07216167449951172
0.07527327537536621
0.08331441879272461
0.07078909873962402
0.07991981506347656
0.08193850517272949
0.07891535758972168
0.08603405952453613
0.06857585906982422
0.07852911949157715
0.0775599479675293
0.08232688903808594
0.07185935974121094
0.08532834053039551
0.08513379096984863
0.07001328468322754
0.08896446228027344
0.07824397087097168
0.07176589965820312
0.08106398582458496
0.08725619316101074
0.08168292045593262
0.08047795295715332
0.0738976001739502
0.08933305740356445
0.07124090194702148
0.08492088317871094
0.0848851203918457
0.08039546012878418
0.07976794242858887
0.09512639045715332
0.0653529167175293
0.07633161544799805
0.0797722339630127
0.07956457138061523
0.08972287178039551
0.06087374687194824
0.09282636642456055
0.08192038536071777
0.06685686111450195
0.08425545692443848
0.0744619369506836
0.08220529556274414
0.0810997486114502
0.08793497085571289
0.08148193359375
0.07488250732421875
0.07868313789367676
0.07000160217285156
0.08616924285888672
0.07574176788330078
0.07901644706726074
0.0791006088256836
0.07651114463806152
0.0794529914855957
0.07901549339294434
0.07170748710632324
0.07314610481262207
0.07771706581115723
0.08998942375183105
0.0722661018371582
0.08330035209655762
0.07843637466430664
0.07784676551818848
0.08354663848876953
0.0743858814239502
0.08319425582885742
0.07279038429260254
0.07332420349121094
0.0840294361114502
0.07289743423461914
0.08810257911682129
0.08215141296386719
0.07891583442687988
0.09298515319824219
0.07695364952087402
0.0806739330291748
0.0833902359008789
0.0822451114654541
0.07704496383666992
0.06908822059631348
0.08589959144592285
0.09119057655334473
0.07482075691223145
0.08364391326904297
0.08358144760131836
0.08463549613952637
0.08442330360412598
0.09029579162597656
0.08489179611206055
0.08490848541259766
0.0760805606842041
0.0742635726928711
0.0798802375793457
0.08049440383911133
0.0742502212524414
0.08624815940856934
0.0803232192993164
0.06626582145690918
0.0835723876953125
0.08321523666381836
0.07903409004211426
0.09207415580749512
0.08166885375976562
0.08298087120056152
0.08743405342102051
0.09034466743469238
0.07788252830505371
0.08389830589294434
0.08209967613220215
0.07626461982727051
0.07457637786865234
0.07802391052246094
0.06766700744628906
0.06485795974731445
0.06743621826171875
0.07869863510131836
0.08442139625549316
0.06901884078979492
0.07831048965454102
0.08423757553100586
0.08234882354736328
0.08219718933105469
0.0818929672241211
0.0793769359588623
0.08530545234680176
0.06251645088195801
0.082916259765625
0.07465577125549316
0.08971142768859863
0.06947660446166992
0.09353137016296387
0.08775520324707031
0.07608294486999512
0.07972478866577148
0.07700109481811523
0.0817568302154541
0.08323073387145996
0.08348774909973145
0.08084654808044434
0.08279895782470703
0.08734297752380371
0.08294439315795898
0.07527279853820801
0.08070683479309082
0.06998920440673828
0.07090425491333008
0.08205747604370117
0.08726334571838379
0.07337427139282227
0.07944130897521973
0.08140110969543457
0.08202433586120605
0.08831429481506348
0.0847780704498291
0.07809114456176758
0.07292366027832031
0.08496379852294922
0.0757906436920166
0.07049274444580078
0.08784055709838867
0.0820155143737793
0.09160041809082031
0.08578276634216309
0.0723576545715332
0.07635998725891113
0.07939291000366211
0.07541680335998535
0.09612393379211426
0.0697624683380127
0.06717658042907715
0.08360719680786133
0.08487129211425781
0.07688522338867188
0.08161449432373047
0.07988381385803223
0.07682371139526367
0.08456945419311523
0.061803579330444336
0.07101130485534668
0.07680916786193848
0.07818722724914551
0.08251738548278809
0.07214164733886719
0.06919598579406738
0.0779123306274414
0.08803677558898926
0.06879186630249023
0.0868370532989502
0.0841820240020752
0.08947348594665527
0.08053183555603027
0.08389091491699219
0.07911300659179688
0.08198976516723633
0.07882094383239746
0.08338165283203125
0.07211899757385254
0.07711243629455566
0.08148026466369629
0.07922220230102539
0.07266807556152344
0.07741522789001465
0.08615231513977051
0.0751187801361084
0.10014891624450684
0.08347082138061523
0.06774187088012695
0.08389759063720703
0.08758711814880371
0.08846068382263184
0.07988452911376953
0.08629894256591797
0.07861804962158203
0.0749506950378418
0.07643437385559082
0.06374096870422363
0.0757288932800293
0.07363677024841309
0.08589458465576172
0.06928610801696777
0.08811140060424805
0.08760237693786621
0.09788799285888672
0.06835651397705078
0.07753610610961914
0.07873940467834473
0.0761566162109375
0.07420969009399414
0.08382320404052734
0.0772700309753418
0.08533763885498047
0.07453012466430664
0.0685114860534668
0.07511782646179199
0.08171272277832031
0.09352946281433105
0.08353614807128906
0.07675838470458984
0.09634256362915039
0.07833027839660645
0.08490419387817383
0.08315801620483398
0.08806133270263672
0.09328174591064453
0.07366013526916504
0.07172989845275879
0.08058953285217285
0.08635234832763672
0.09491252899169922
0.07876944541931152
0.07754135131835938
0.07562565803527832
0.07760906219482422
0.0637362003326416
0.07156705856323242
0.08170962333679199
0.07800793647766113
0.07992911338806152
0.07735800743103027
0.08126616477966309
0.07352876663208008
0.0727534294128418
0.08345985412597656
0.07929062843322754
0.07331705093383789
0.08049511909484863
0.09052681922912598
0.08072161674499512
0.06974554061889648
0.06765174865722656
0.075439453125
0.07304954528808594
0.08112192153930664
0.07804679870605469
0.08684611320495605
0.08959031105041504
0.08473324775695801
0.07896566390991211
0.08843398094177246
0.07921361923217773
0.07616949081420898
0.07056069374084473
0.08069586753845215
0.08521842956542969
0.07595014572143555
0.07251620292663574
0.09068727493286133
0.08310198783874512
0.07495713233947754
0.0803530216217041
0.07440829277038574
0.09293437004089355
0.0729360580444336
0.08137297630310059
0.0890812873840332
0.08666801452636719
0.08401107788085938
0.06173276901245117
0.07524847984313965
0.06793975830078125
0.08497977256774902
0.09158182144165039
0.08439970016479492
0.07537126541137695
0.08119654655456543
0.07819247245788574
0.07698941230773926
0.07887530326843262
0.08907914161682129
0.07310700416564941
0.08142733573913574
0.08551549911499023
0.08160185813903809
0.08241558074951172
0.08728861808776855
0.06751847267150879
0.07951569557189941
0.0767669677734375
0.08407831192016602
0.07249975204467773
0.07480406761169434
0.07424211502075195
0.06669187545776367
0.08418822288513184
0.08603596687316895
0.07798624038696289
0.0838766098022461
0.07334685325622559
0.07658886909484863
0.07634544372558594
0.06685590744018555
0.08259153366088867
0.07706141471862793
0.07092547416687012
0.060750484466552734
0.0736091136932373
0.07593727111816406
0.07905292510986328
0.0848546028137207
0.07049250602722168
0.07334280014038086
0.07419276237487793
0.08158206939697266
0.08165597915649414
0.0709085464477539
0.07427644729614258
0.07446908950805664
0.07597088813781738
0.08412456512451172
0.0807955265045166
0.0824122428894043
0.07497787475585938
0.06836962699890137
0.07767963409423828
0.08700227737426758
0.07303071022033691
0.09190225601196289
0.07523417472839355
0.0840151309967041
0.07168006896972656
0.08768177032470703
0.0765528678894043
0.08212089538574219
0.08101725578308105
0.08023238182067871
0.0753791332244873
0.06793212890625
0.07352089881896973
0.08083724975585938
0.08051013946533203
0.08683466911315918
0.07766294479370117
0.0818936824798584
0.08255171775817871
0.0796353816986084
0.07504963874816895
0.08058905601501465
0.0802304744720459
0.09046292304992676
0.08193826675415039
0.07041573524475098
0.07796740531921387
0.08723783493041992
0.08139657974243164
0.0763390064239502
0.08202266693115234
0.0709688663482666
0.06387639045715332
0.0844564437866211
0.06393718719482422
0.07797622680664062
0.07731127738952637
0.08118343353271484
0.07163476943969727
0.07935690879821777
0.0779566764831543
0.08603715896606445
0.0670013427734375
0.07104754447937012
0.07873034477233887
0.06871676445007324
0.0726478099822998
0.07838106155395508
0.07545089721679688
0.08587884902954102
0.07699775695800781
0.07399129867553711
0.07056450843811035
0.0735619068145752
0.07968378067016602
0.07839202880859375
0.07735490798950195
0.07673025131225586
0.08898043632507324
0.07674551010131836
0.0881967544555664
0.08389091491699219
0.09001302719116211
0.09163260459899902
0.08503365516662598
0.07432436943054199
0.07688140869140625
0.07366657257080078
0.07742977142333984
0.08994817733764648
0.07655787467956543
0.08271646499633789
0.08356690406799316
0.08514070510864258
0.07422375679016113
0.07979655265808105
0.059407711029052734
0.06454896926879883
0.08175969123840332
0.0834188461303711
0.0731351375579834
0.07960963249206543
0.07646751403808594
0.0908195972442627
0.06849908828735352
0.08885622024536133
0.09552812576293945
0.08151626586914062
0.07944011688232422
0.08030438423156738
0.07564520835876465
0.06919217109680176
0.08544039726257324
0.0918889045715332
0.07302474975585938
0.07958507537841797
0.06639552116394043
0.07177042961120605
0.09048748016357422
0.08378720283508301
0.05689215660095215
0.08625221252441406
0.07699370384216309
0.07492971420288086
0.06983828544616699
0.07289791107177734
0.07603573799133301
0.0832371711730957
0.0792384147644043
0.08803129196166992
0.07666707038879395
0.07230353355407715
0.08492684364318848
0.08466053009033203
0.06928443908691406
0.07708454132080078
0.0845332145690918
0.06922101974487305
0.0828559398651123
0.08356261253356934
0.07798433303833008
0.08335518836975098
0.07196927070617676
0.07632637023925781
0.07749509811401367
0.07266569137573242
0.07797527313232422
0.0771632194519043
0.0817558765411377
0.07743000984191895
0.08644580841064453
0.07189583778381348
0.07938027381896973
0.09151744842529297
0.07510185241699219
0.08149504661560059
0.07265877723693848
0.08213686943054199
0.0827476978302002
0.07581543922424316
0.0893714427947998
0.0827627182006836
0.0889277458190918
0.0844886302947998
0.06719422340393066
0.07870602607727051
0.0834817886352539
0.08822154998779297
0.08030867576599121
0.07735252380371094
0.08161020278930664
0.08285117149353027
0.0829620361328125
0.08412408828735352
0.08094310760498047
0.07085967063903809
0.08128690719604492
0.07901644706726074
0.08121490478515625
0.07978367805480957
0.07614350318908691
0.0774238109588623
0.08552742004394531
0.05840015411376953
0.07554101943969727
0.08869171142578125
0.07726311683654785
0.07171154022216797
0.0880126953125
0.08755302429199219
0.08373141288757324
0.0838930606842041
0.07693982124328613
0.08057904243469238
0.07447314262390137
0.07371807098388672
0.07627749443054199
0.07752251625061035
0.07886195182800293
0.0829315185546875
0.08217620849609375
0.07096672058105469
0.0728759765625
0.07178211212158203
0.0810847282409668
0.0762331485748291
0.0720815658569336
0.09463953971862793
0.08251428604125977
0.06992840766906738
0.07762336730957031
0.07088899612426758
0.07456755638122559
0.07449221611022949
0.08706188201904297
0.08588695526123047
0.07137918472290039
0.08053040504455566
0.08452653884887695
0.08491349220275879
0.07184743881225586
0.08870720863342285
0.07467222213745117
0.07773399353027344
0.08066558837890625
0.08359503746032715
0.08034610748291016
0.08012819290161133
0.07977151870727539
0.08095455169677734
0.07593011856079102
0.07699418067932129
0.06712675094604492
0.06972408294677734
0.07690310478210449
0.07844710350036621
0.07197856903076172
0.06915116310119629
0.07745194435119629
0.07813644409179688
0.070404052734375
0.09228277206420898
0.06783556938171387
0.08606982231140137
0.08138394355773926
0.07048249244689941
0.07144522666931152
0.06575274467468262
0.07598066329956055
0.0857234001159668
0.07670378684997559
0.07203078269958496
0.07593202590942383
0.08341860771179199
0.0744781494140625
0.08156847953796387
0.08354640007019043
0.08694815635681152
0.07425451278686523
0.07649660110473633
0.08815670013427734
0.08077788352966309
0.08258605003356934
0.08329272270202637
0.08525466918945312
0.09054136276245117
0.08975481986999512
0.06581282615661621
0.07924389839172363
0.08292174339294434
0.07445716857910156
0.08814644813537598
0.07876944541931152
0.07374715805053711
0.07418537139892578
0.06958627700805664
0.07079887390136719
0.0701606273651123
0.07856082916259766
0.07159781455993652
0.06994938850402832
0.07507896423339844
0.08174681663513184
0.06528377532958984
0.08809590339660645
0.09627008438110352
0.08047628402709961
0.07701325416564941
0.08255410194396973
0.0783078670501709
0.07877230644226074
0.0630035400390625
0.06615757942199707
0.0846107006072998
0.08879828453063965
0.08148956298828125
0.06649303436279297
0.07062721252441406
0.07300877571105957
0.08755922317504883
0.08018064498901367
0.07675528526306152
0.0787961483001709
0.08220648765563965
0.07545208930969238
0.08580541610717773
0.0827932357788086
0.08846783638000488
0.08472466468811035
0.0805196762084961
0.08035850524902344
0.08131694793701172
0.08449625968933105
0.08819413185119629
0.08018350601196289
0.08516478538513184
0.08372068405151367
0.07625317573547363
0.09043550491333008
0.08739328384399414
0.08437776565551758
0.08105659484863281
0.0753316879272461
0.08617901802062988
0.08552241325378418
0.07897186279296875
0.07055020332336426
0.07365965843200684
0.08117341995239258
0.0733499526977539
0.08664393424987793
0.09128808975219727
0.08138513565063477
0.06906819343566895
0.08825802803039551
0.0940864086151123
0.07732558250427246
0.07052350044250488
0.07797837257385254
0.07475900650024414
0.06018805503845215
0.08095598220825195
0.09257078170776367
0.06237649917602539
0.07359933853149414
0.08017992973327637
0.08669734001159668
0.07967209815979004
0.0778651237487793
0.06665611267089844
0.08164143562316895
0.08259224891662598
0.08846831321716309
0.09505033493041992
0.08644294738769531
0.08684849739074707
0.07866859436035156
0.0729665756225586
0.08093571662902832
0.07786965370178223
0.0865926742553711
0.08506584167480469
0.05939030647277832
0.07838201522827148
0.08763003349304199
0.08848905563354492
0.09366059303283691
0.07678556442260742
0.08507990837097168
0.09266209602355957
0.08455705642700195
0.09394097328186035
0.07753801345825195
0.0800175666809082
0.07428288459777832
0.08370232582092285
0.08147764205932617
0.08318185806274414
0.07827877998352051
0.0787353515625
0.08050942420959473
0.08178997039794922
0.08747577667236328
0.07124733924865723
0.07954621315002441
0.07410621643066406
0.08647823333740234
0.0722036361694336
0.07294583320617676
0.0819864273071289
0.0792381763458252
0.08007287979125977
0.08563518524169922
0.0777437686920166
0.08482933044433594
0.07777214050292969
0.06956672668457031
0.08238697052001953
0.07982015609741211
0.07432889938354492
0.08237361907958984
0.0764005184173584
0.08791613578796387
0.07664656639099121
0.08530902862548828
0.08047866821289062
0.08052754402160645
0.08299612998962402
0.06774711608886719
0.0792994499206543
0.07678484916687012
0.06772494316101074
0.07281923294067383
0.08477663993835449
0.07834625244140625
0.06454229354858398
0.07415127754211426
0.08592748641967773
0.08120203018188477
0.0790715217590332
0.07347631454467773
0.08616805076599121
0.07992792129516602
0.07938265800476074
0.09063267707824707
0.0747380256652832
0.06553530693054199
0.06100869178771973
0.06493973731994629
0.10190606117248535
0.07927560806274414
0.08100247383117676
0.08193254470825195
0.09006571769714355
0.07897281646728516
0.07869982719421387
0.07780218124389648
0.0851905345916748
0.06860637664794922
0.08807229995727539
0.07759332656860352
0.07910466194152832
0.07887816429138184
0.07582473754882812
0.08096861839294434
0.07591676712036133
0.08609294891357422
0.08380627632141113
0.07999491691589355
0.07881617546081543
0.08741497993469238
0.0868992805480957
0.07314205169677734
0.08506011962890625
0.07675027847290039
0.07505011558532715
0.07869958877563477
0.08273983001708984
0.08564424514770508
0.07848215103149414
0.07670426368713379
0.0825352668762207
0.08095955848693848
0.07779288291931152
0.08216309547424316
0.06849050521850586
0.07788848876953125
0.08780837059020996
0.07803726196289062
0.08973097801208496
0.0747382640838623
0.07151198387145996
0.06865978240966797
0.08899879455566406
0.06740045547485352
0.08317303657531738
0.0718531608581543
0.08419489860534668
0.07996630668640137
0.07775282859802246
0.08077788352966309
0.07806873321533203
0.09267401695251465
0.0819082260131836
0.07704019546508789
0.07030606269836426
0.09752917289733887
0.07813143730163574
0.08971858024597168
0.09233403205871582
0.0797126293182373
0.08917069435119629
0.08538341522216797
0.06636452674865723
0.06387639045715332
0.06218123435974121
0.06750202178955078
0.07358646392822266
0.08215904235839844
0.08117198944091797
0.0827326774597168
0.08091473579406738
0.0791013240814209
0.07432341575622559
0.08523917198181152
0.08185625076293945
0.08081531524658203
0.06931018829345703
0.08096027374267578
0.0874793529510498
