Input data
[(0.4, 0.53), (0.22, 0.38), (0.35, 0.32), (0.86, 0.19), (0.98, 0.41), (0.45, 0.23)]
-----------------------------------------
Initial clusters
[[(0.4, 0.53)], [(0.22, 0.38)], [(0.35, 0.32)], [(0.86, 0.19)], [(0.98, 0.41)], [(0.45, 0.23)]]
-----------------------------------------
Test1
[[(0.22, 0.38), (0.35, 0.32), (0.4, 0.53), (0.45, 0.23)], [(0.86, 0.19), (0.98, 0.41)]]
-----------------------------------------
Test2
[[(0.22, 0.38), (0.4, 0.53)], [(0.35, 0.32), (0.45, 0.23)], [(0.86, 0.19), (0.98, 0.41)]]
-----------------------------------------
Test3
[[(0.22, 0.38), (0.35, 0.32), (0.4, 0.53), (0.45, 0.23)], [(0.86, 0.19)], [(0.98, 0.41)]]
-----------------------------------------
